              precision    recall  f1-score   support

           0      0.875     0.700     0.778        60
           1      0.847     0.885     0.865       720
           2      0.768     0.953     0.851       750
           3      0.863     0.938     0.899       450
           4      0.940     0.833     0.884       660
           5      0.883     0.817     0.849       630
           6      0.983     0.753     0.853       150
           7      0.946     0.858     0.900       450
           8      0.864     0.873     0.869       450
           9      0.975     0.983     0.979       480
          10      0.970     0.967     0.968       660
          11      0.920     0.910     0.915       420
          12      0.989     0.955     0.972       690
          13      0.982     0.992     0.987       720
          14      0.947     0.985     0.966       270
          15      0.932     0.910     0.920       210
          16      0.961     0.973     0.967       150
          17      0.963     0.944     0.954       360
          18      0.900     0.782     0.837       390
          19      0.587     0.617     0.602        60
          20      0.766     0.800     0.783        90
          21      0.706     0.400     0.511        90
          22      0.931     0.900     0.915       120
          23      0.818     0.867     0.841       150
          24      0.778     0.544     0.641        90
          25      0.964     0.894     0.928       480
          26      0.895     0.900     0.898       180
          27      0.414     0.483     0.446        60
          28      0.834     0.940     0.884       150
          29      0.874     0.922     0.897        90
          30      0.729     0.573     0.642       150
          31      0.693     0.885     0.777       270
          32      0.736     0.883     0.803        60
          33      0.870     0.986     0.924       210
          34      0.944     0.983     0.963       120
          35      0.990     0.967     0.978       390
          36      0.984     1.000     0.992       120
          37      0.697     0.767     0.730        60
          38      0.990     0.965     0.977       690
          39      0.853     0.967     0.906        90
          40      0.759     0.733     0.746        90
          41      0.870     0.783     0.825        60
          42      0.884     0.933     0.908        90

    accuracy                          0.899     12630
   macro avg      0.862     0.854     0.854     12630
weighted avg      0.903     0.899     0.899     12630
