              precision    recall  f1-score   support

           0      0.829     0.483     0.611        60
           1      0.780     0.904     0.837       720
           2      0.787     0.847     0.816       750
           3      0.622     0.944     0.750       450
           4      0.942     0.471     0.628       660
           5      0.860     0.613     0.715       630
           6      0.991     0.700     0.820       150
           7      0.756     0.778     0.767       450
           8      0.522     0.909     0.663       450
           9      0.957     0.838     0.893       480
          10      0.877     0.920     0.898       660
          11      0.890     0.910     0.900       420
          12      0.985     0.957     0.971       690
          13      0.982     0.982     0.982       720
          14      1.000     0.904     0.949       270
          15      0.885     0.881     0.883       210
          16      1.000     0.993     0.997       150
          17      0.972     0.978     0.975       360
          18      0.947     0.592     0.729       390
          19      0.481     0.617     0.540        60
          20      0.659     0.989     0.791        90
          21      0.948     0.611     0.743        90
          22      0.961     0.825     0.888       120
          23      0.732     0.673     0.701       150
          24      0.667     0.200     0.308        90
          25      0.890     0.898     0.894       480
          26      0.669     0.878     0.760       180
          27      0.365     0.383     0.374        60
          28      0.584     0.860     0.695       150
          29      0.725     0.556     0.629        90
          30      0.635     0.580     0.606       150
          31      0.896     0.863     0.879       270
          32      0.796     0.717     0.754        60
          33      0.949     0.895     0.922       210
          34      1.000     0.742     0.852       120
          35      0.905     0.908     0.907       390
          36      0.929     0.758     0.835       120
          37      0.645     1.000     0.784        60
          38      0.918     0.972     0.944       690
          39      0.962     0.844     0.899        90
          40      0.759     0.489     0.595        90
          41      0.608     0.983     0.752        60
          42      0.835     0.956     0.891        90

    accuracy                          0.831     12630
   macro avg      0.816     0.786     0.784     12630
weighted avg      0.854     0.831     0.829     12630
