              precision    recall  f1-score   support

           0      0.000     0.000     0.000         5
           1      0.306     0.564     0.396        39
           2      0.204     0.435     0.278        46
           3      0.000     0.000     0.000        21
           4      0.000     0.000     0.000        27
           5      0.026     0.031     0.028        32
           6      0.000     0.000     0.000         7
           7      0.000     0.000     0.000        24
           8      0.000     0.000     0.000        21
           9      0.000     0.000     0.000        25
          10      0.133     0.630     0.219        27
          11      0.066     0.417     0.114        12
          12      0.667     0.364     0.471        33
          13      0.816     0.816     0.816        38
          14      0.067     0.091     0.077        11
          15      0.000     0.000     0.000         9
          16      0.000     0.000     0.000         5
          17      0.227     0.294     0.256        17
          18      1.000     0.034     0.067        29
          19      0.000     0.000     0.000         4
          20      0.000     0.000     0.000         4
          21      0.000     0.000     0.000         6
          22      0.000     0.000     0.000         7
          23      0.000     0.000     0.000         4
          24      0.000     0.000     0.000         8
          25      0.250     0.053     0.087        19
          26      0.000     0.000     0.000        14
          27      0.000     0.000     0.000         3
          28      0.000     0.000     0.000         5
          29      0.000     0.000     0.000         5
          30      0.000     0.000     0.000         8
          31      0.000     0.000     0.000        18
          32      0.000     0.000     0.000         3
          33      0.000     0.000     0.000        10
          34      0.000     0.000     0.000         5
          35      0.125     0.667     0.211        12
          36      0.000     0.000     0.000         8
          37      0.000     0.000     0.000         2
          38      0.391     0.474     0.429        38
          39      0.000     0.000     0.000         5
          40      0.000     0.000     0.000         6
          41      0.000     0.000     0.000         5
          42      0.000     0.000     0.000         4

    accuracy                          0.225       631
   macro avg      0.099     0.113     0.080       631
weighted avg      0.213     0.225     0.175       631
