              precision    recall  f1-score   support

           0      0.885     0.767     0.821        60
           1      0.842     0.925     0.882       720
           2      0.861     0.943     0.900       750
           3      0.898     0.956     0.926       450
           4      0.941     0.876     0.907       660
           5      0.912     0.906     0.909       630
           6      0.944     0.780     0.854       150
           7      0.954     0.916     0.934       450
           8      0.952     0.924     0.938       450
           9      0.981     0.992     0.987       480
          10      0.982     0.974     0.978       660
          11      0.919     0.921     0.920       420
          12      0.995     0.938     0.966       690
          13      0.988     0.990     0.989       720
          14      0.961     0.996     0.978       270
          15      0.944     0.876     0.909       210
          16      0.993     0.973     0.983       150
          17      0.994     0.967     0.980       360
          18      0.943     0.764     0.844       390
          19      0.780     0.650     0.709        60
          20      0.748     0.922     0.826        90
          21      0.632     0.533     0.578        90
          22      0.930     0.883     0.906       120
          23      0.894     0.787     0.837       150
          24      0.780     0.789     0.785        90
          25      0.960     0.906     0.932       480
          26      0.835     0.928     0.879       180
          27      0.353     0.500     0.414        60
          28      0.885     0.973     0.927       150
          29      0.952     0.889     0.920        90
          30      0.939     0.720     0.815       150
          31      0.766     0.944     0.846       270
          32      0.787     0.800     0.793        60
          33      0.920     0.986     0.952       210
          34      0.944     0.992     0.967       120
          35      0.995     0.985     0.990       390
          36      0.983     0.992     0.988       120
          37      0.739     0.850     0.791        60
          38      0.978     0.980     0.979       690
          39      0.874     0.922     0.897        90
          40      0.688     0.711     0.699        90
          41      0.887     0.917     0.902        60
          42      0.821     0.867     0.843        90

    accuracy                          0.920     12630
   macro avg      0.883     0.879     0.879     12630
weighted avg      0.924     0.920     0.921     12630
