              precision    recall  f1-score   support

           0      0.000     0.000     0.000        19
           1      0.586     0.763     0.662       139
           2      0.510     0.693     0.587       153
           3      0.760     0.823     0.790        96
           4      0.661     0.661     0.661       127
           5      0.536     0.526     0.531       114
           6      0.625     0.806     0.704        31
           7      0.642     0.395     0.489        86
           8      0.659     0.349     0.457        83
           9      0.804     0.821     0.812        95
          10      0.724     0.959     0.825       123
          11      0.556     0.855     0.674        76
          12      0.951     0.959     0.955       122
          13      0.935     0.973     0.954       149
          14      0.852     0.868     0.860        53
          15      0.907     0.867     0.886        45
          16      0.857     0.240     0.375        25
          17      0.914     0.949     0.931        78
          18      0.586     0.833     0.688        90
          19      0.000     0.000     0.000        12
          20      0.500     0.083     0.143        12
          21      0.000     0.000     0.000        30
          22      0.857     0.857     0.857        21
          23      0.556     0.345     0.426        29
          24      0.000     0.000     0.000        19
          25      0.775     0.796     0.785       108
          26      0.724     0.500     0.592        42
          27      0.000     0.000     0.000        12
          28      0.621     0.667     0.643        27
          29      0.000     0.000     0.000        16
          30      0.000     0.000     0.000        36
          31      0.464     0.736     0.569        53
          32      0.643     0.750     0.692        12
          33      0.586     0.944     0.723        36
          34      0.824     0.519     0.636        27
          35      0.961     0.974     0.967        76
          36      0.952     0.625     0.755        32
          37      0.750     1.000     0.857         6
          38      0.851     0.973     0.908       147
          39      0.000     0.000     0.000        22
          40      0.923     0.600     0.727        20
          41      0.500     0.111     0.182         9
          42      0.857     0.333     0.480        18

    accuracy                          0.712      2526
   macro avg      0.591     0.562     0.553      2526
weighted avg      0.681     0.712     0.682      2526
