              precision    recall  f1-score   support

           0      0.750     0.100     0.176        60
           1      0.780     0.810     0.795       720
           2      0.761     0.856     0.806       750
           3      0.841     0.940     0.888       450
           4      0.866     0.839     0.852       660
           5      0.803     0.783     0.793       630
           6      0.830     0.813     0.822       150
           7      0.832     0.713     0.768       450
           8      0.739     0.851     0.791       450
           9      0.949     0.971     0.960       480
          10      0.927     0.944     0.935       660
          11      0.776     0.905     0.835       420
          12      0.994     0.942     0.967       690
          13      0.956     0.976     0.966       720
          14      0.970     0.959     0.965       270
          15      0.973     0.848     0.906       210
          16      0.803     0.927     0.861       150
          17      0.921     0.972     0.946       360
          18      0.756     0.715     0.735       390
          19      1.000     0.017     0.033        60
          20      0.577     0.333     0.423        90
          21      0.500     0.256     0.338        90
          22      0.912     0.858     0.884       120
          23      0.674     0.620     0.646       150
          24      0.500     0.089     0.151        90
          25      0.939     0.865     0.900       480
          26      0.671     0.817     0.737       180
          27      0.500     0.300     0.375        60
          28      0.686     0.847     0.758       150
          29      0.976     0.889     0.930        90
          30      0.515     0.233     0.321       150
          31      0.549     0.911     0.685       270
          32      0.803     0.817     0.810        60
          33      0.903     0.971     0.936       210
          34      0.955     0.883     0.918       120
          35      0.967     0.990     0.978       390
          36      0.958     0.942     0.950       120
          37      0.678     0.667     0.672        60
          38      0.947     0.975     0.961       690
          39      0.837     0.967     0.897        90
          40      0.793     0.722     0.756        90
          41      0.769     0.333     0.465        60
          42      1.000     0.733     0.846        90

    accuracy                          0.846     12630
   macro avg      0.810     0.742     0.747     12630
weighted avg      0.847     0.846     0.838     12630
