              precision    recall  f1-score   support

           0      0.902     0.767     0.829        60
           1      0.865     0.864     0.864       720
           2      0.757     0.971     0.850       750
           3      0.860     0.942     0.899       450
           4      0.942     0.842     0.890       660
           5      0.892     0.829     0.859       630
           6      0.991     0.760     0.860       150
           7      0.970     0.851     0.907       450
           8      0.880     0.898     0.889       450
           9      0.969     0.973     0.971       480
          10      0.948     0.970     0.959       660
          11      0.915     0.902     0.909       420
          12      0.995     0.951     0.973       690
          13      0.981     0.992     0.986       720
          14      0.971     0.985     0.978       270
          15      0.926     0.900     0.913       210
          16      0.960     0.960     0.960       150
          17      0.989     0.964     0.976       360
          18      0.919     0.785     0.846       390
          19      0.565     0.800     0.662        60
          20      0.771     0.822     0.796        90
          21      0.792     0.422     0.551        90
          22      0.914     0.883     0.898       120
          23      0.863     0.800     0.830       150
          24      0.733     0.611     0.667        90
          25      0.968     0.896     0.931       480
          26      0.872     0.911     0.891       180
          27      0.433     0.483     0.457        60
          28      0.866     0.947     0.904       150
          29      0.913     0.933     0.923        90
          30      0.758     0.627     0.686       150
          31      0.698     0.907     0.789       270
          32      0.746     0.883     0.809        60
          33      0.863     0.990     0.922       210
          34      0.960     0.992     0.975       120
          35      0.995     0.959     0.977       390
          36      0.983     0.992     0.988       120
          37      0.671     0.783     0.723        60
          38      0.985     0.959     0.972       690
          39      0.869     0.956     0.910        90
          40      0.793     0.722     0.756        90
          41      0.868     0.767     0.814        60
          42      0.903     0.933     0.918        90

    accuracy                          0.903     12630
   macro avg      0.870     0.862     0.862     12630
weighted avg      0.908     0.903     0.903     12630
